Test_Acc: 0.888888888889 eta: 0.9 momentum: 0.3 mode: minibatch n_layer: 2 batch_size : 20
Loss	AccVal_loss	Val_acc
0.0408708062848	0.91	0.0399791092166	0.916666666667
0.0399780178636	0.91	0.0403614523467	0.916666666667
0.0393830166111	0.92	0.0408050362925	0.916666666667
0.038988072653	0.92	0.0410530715081	0.916666666667
0.0383760658076	0.92	0.0412060782699	0.916666666667
0.0381486654429	0.92	0.0412817074405	0.916666666667
0.0379403191399	0.93	0.0412132270492	0.916666666667
0.0377445721206	0.93	0.0411140574172	0.916666666667
0.0376269740581	0.93	0.0409672395719	0.916666666667
0.037531395028	0.93	0.0408953265674	0.916666666667
0.0373633589254	0.93	0.0406899313696	0.916666666667
0.0372697671675	0.93	0.0405507690653	0.916666666667
0.0371781807973	0.93	0.0404687246593	0.916666666667
0.0371054896208	0.93	0.0403123904714	0.916666666667
0.0370521854156	0.93	0.0402182633994	0.916666666667
0.036969831343	0.93	0.0400754766555	0.916666666667
0.0369386705205	0.93	0.039940176841	0.916666666667
0.0368643559867	0.93	0.0397872855706	0.916666666667
0.0368117993697	0.93	0.0397258546434	0.916666666667
0.0367697628717	0.93	0.039663428392	0.916666666667
0.036722628566	0.93	0.0395718675953	0.916666666667
0.0366918978441	0.93	0.039485350839	0.916666666667
0.0366529670885	0.93	0.0393980947518	0.916666666667
0.0366294240414	0.93	0.0393534730426	0.916666666667
0.0365937407195	0.93	0.0392643762463	0.916666666667
0.0365979615038	0.93	0.0391998553327	0.916666666667
0.0365434570732	0.93	0.0391215358262	0.916666666667
0.0365266709549	0.93	0.0390992816036	0.916666666667
0.0365209364227	0.93	0.0390561146367	0.916666666667
0.0364749095136	0.93	0.0389960046786	0.916666666667
0.036457222037	0.93	0.0389457131107	0.916666666667
0.0364465313686	0.93	0.0389052807014	0.916666666667
0.0364313100761	0.93	0.0388146999019	0.916666666667
0.0364188801481	0.93	0.0388326400072	0.916666666667
0.0363898389483	0.93	0.0387570553319	0.916666666667
0.0363796412898	0.93	0.0387360360749	0.916666666667
0.036370635027	0.93	0.0386992784456	0.916666666667
0.0363542075393	0.93	0.0386678219935	0.916666666667
0.0363461462588	0.93	0.0386636893005	0.916666666667
0.0363407681343	0.93	0.0385909577808	0.916666666667
0.0363201112873	0.93	0.0386037274032	0.916666666667
0.0363041592648	0.93	0.0385773804945	0.916666666667
0.0363099526922	0.93	0.0385688378939	0.916666666667
0.0362774599899	0.93	0.0385156697168	0.916666666667
0.0362687007803	0.93	0.0384957602643	0.916666666667
0.0362606223666	0.93	0.0384865584685	0.916666666667
0.0362479747163	0.93	0.0384753535602	0.916666666667
0.0362398213012	0.93	0.038456548407	0.916666666667
0.0362356151545	0.93	0.0384452303624	0.916666666667
0.0362251852373	0.93	0.038416487292	0.916666666667
0.0362172148101	0.93	0.0383951066987	0.916666666667
0.0362130719255	0.93	0.038406007611	0.916666666667
0.0361957918602	0.93	0.0383738470451	0.916666666667
0.0361885200874	0.93	0.0383449414143	0.916666666667
0.0361808044939	0.93	0.0383349900772	0.916666666667
0.0361767278858	0.93	0.0383227782977	0.916666666667
0.0361640868549	0.93	0.0383228245148	0.916666666667
0.0361646370407	0.93	0.038308543692	0.916666666667
0.0361531911273	0.93	0.038299334199	0.916666666667
0.0361472425869	0.93	0.0382714460294	0.916666666667
0.0361382320508	0.93	0.0382612734209	0.916666666667
0.0361326220667	0.93	0.0382538888396	0.916666666667
0.0361209535379	0.93	0.0382762512454	0.916666666667
0.0361196479612	0.93	0.0382535679191	0.916666666667
0.036112062624	0.93	0.0382370485313	0.916666666667
0.0361019018995	0.93	0.038232831078	0.916666666667
0.0360961245164	0.93	0.0382154082521	0.916666666667
0.0360951828238	0.93	0.0382088160039	0.916666666667
0.0360897394153	0.93	0.0381879513003	0.916666666667
0.0360787799868	0.93	0.0381784956443	0.916666666667
0.0360698634059	0.93	0.0381686538674	0.916666666667
0.0360674114501	0.93	0.0381752374506	0.916666666667
0.0360621970072	0.93	0.0381810847007	0.916666666667
0.0360531374699	0.93	0.0381599949634	0.916666666667
0.0360474778658	0.93	0.0381449567088	0.916666666667
0.0360410426082	0.93	0.0381289528833	0.916666666667
0.0360364965742	0.93	0.0381190690599	0.916666666667
0.0360315595049	0.93	0.03812685093	0.916666666667
0.0360331041529	0.93	0.0380778123249	0.916666666667
0.0360200428156	0.93	0.0381165598834	0.916666666667
0.0360157964136	0.93	0.0380895452028	0.916666666667
0.0360132764457	0.93	0.038077429751	0.916666666667
0.0360059664098	0.93	0.0380888755528	0.916666666667
0.0359998969369	0.93	0.0380989384897	0.916666666667
0.0359961441891	0.93	0.038070934196	0.916666666667
0.0359946959477	0.93	0.0380868096049	0.916666666667
0.0359832725643	0.93	0.0380660908997	0.916666666667
0.0359796410105	0.93	0.0380620957919	0.916666666667
0.0359755308091	0.93	0.0380509467454	0.916666666667
0.0359681552037	0.93	0.0380396150432	0.916666666667
0.0359677631542	0.93	0.0380439035642	0.916666666667
0.0359643635865	0.93	0.0380243634749	0.916666666667
0.0359544530308	0.93	0.0380286882509	0.916666666667
0.0359510524037	0.93	0.0380265307916	0.916666666667
0.0359523385933	0.93	0.038011451318	0.916666666667
0.0359422829223	0.93	0.0380097573096	0.916666666667
0.0359363484893	0.93	0.0379979160307	0.916666666667
0.0359341769913	0.93	0.0379890410772	0.916666666667
0.0359275963175	0.93	0.0380023875285	0.916666666667
0.0359312723455	0.93	0.0380058892937	0.916666666667
0.0359212590043	0.93	0.0379655087817	0.916666666667
0.0359190184782	0.93	0.0379943635288	0.916666666667
0.0359124134869	0.93	0.0379751845178	0.916666666667
0.0359052238818	0.93	0.0379565068676	0.916666666667
0.0359052028226	0.93	0.0379551830487	0.916666666667
0.0358972335158	0.93	0.0379608329047	0.916666666667
0.0358967363487	0.93	0.0379714204397	0.916666666667
0.0358895447367	0.93	0.0379494859044	0.916666666667
0.0358871908661	0.93	0.0379492008515	0.916666666667
0.0358828671191	0.93	0.0379301066515	0.916666666667
0.0358799872771	0.93	0.0379271708256	0.916666666667
0.0358749655946	0.93	0.0379217284552	0.916666666667
0.0358716359339	0.93	0.037948502138	0.916666666667
0.0358699762031	0.93	0.0379237655645	0.916666666667
0.0358634430579	0.93	0.0379001254751	0.916666666667
0.0358612870448	0.93	0.0379238483415	0.916666666667
0.0358559896802	0.93	0.0379091795625	0.916666666667
0.0358573704739	0.93	0.0379106913666	0.916666666667
0.0358503247958	0.93	0.0379054480248	0.916666666667
0.0358499000111	0.93	0.0379075839902	0.916666666667
0.0358411387935	0.93	0.0378922699503	0.916666666667
0.0358402614632	0.93	0.0378990776855	0.916666666667
0.0358338981776	0.93	0.037894282718	0.916666666667
0.0358317942953	0.93	0.0378922426442	0.916666666667
0.0358278763333	0.93	0.0378785914276	0.916666666667
0.0358234151463	0.93	0.0378712191562	0.916666666667
0.0358209598415	0.93	0.0378781850296	0.916666666667
0.0358192032488	0.93	0.0378626722834	0.916666666667
0.03581240129	0.93	0.0378641999822	0.916666666667
0.0358126546337	0.93	0.0378618424568	0.916666666667
0.0358144286206	0.93	0.0378611423076	0.916666666667
0.0358027303068	0.93	0.0378541568874	0.916666666667
0.0358033022267	0.93	0.037843877401	0.916666666667
0.035796715321	0.93	0.0378616089412	0.916666666667
0.0357941869111	0.93	0.0378534053265	0.916666666667
0.035793076125	0.93	0.037840374816	0.916666666667
0.0357894509503	0.93	0.0378365418209	0.916666666667
0.0357889760343	0.93	0.0378594963586	0.916666666667
0.0357827094542	0.93	0.0378333496475	0.916666666667
0.0357816590687	0.93	0.0378272768814	0.916666666667
0.0357774515686	0.93	0.0378504663406	0.916666666667
0.0357754810123	0.93	0.0378457535066	0.916666666667
0.0357695192253	0.93	0.0378458217587	0.916666666667
0.0357682011489	0.93	0.0378365934894	0.916666666667
0.0357647116053	0.93	0.0378404160319	0.916666666667
0.0357615567124	0.93	0.0378304185121	0.916666666667
0.0357635587638	0.93	0.0378478924683	0.916666666667
0.0357585077552	0.93	0.037815543912	0.916666666667
0.0357528475789	0.93	0.0378260615933	0.916666666667
0.0357498074982	0.93	0.0378113938028	0.916666666667
0.0357477022367	0.93	0.0378197332187	0.916666666667
0.0357459639904	0.93	0.0378187410988	0.916666666667
0.0357427649321	0.93	0.0378097311328	0.916666666667
0.0357401116842	0.93	0.0378050165331	0.916666666667
0.0357360812865	0.93	0.0377988275661	0.916666666667
0.0357356855784	0.93	0.0378100395255	0.916666666667
0.0357311870683	0.93	0.0378024035805	0.916666666667
0.0357284800679	0.93	0.0378013526409	0.916666666667
0.0357272488449	0.93	0.0377948808316	0.916666666667
0.035726293867	0.93	0.0377961493876	0.916666666667
0.0357219759626	0.93	0.037793958761	0.916666666667
0.0357180384984	0.93	0.0377936164927	0.916666666667
0.03571583041	0.93	0.037791018959	0.916666666667
0.0357172600351	0.93	0.0378020735905	0.916666666667
0.0357123343409	0.93	0.0377853274948	0.916666666667
0.0357094668902	0.93	0.037793092261	0.916666666667
0.0357053331712	0.93	0.0377791640269	0.916666666667
0.0357041066846	0.93	0.0377728055392	0.916666666667
0.0357010385174	0.93	0.0377728505258	0.916666666667
0.0357011753142	0.93	0.0377536841393	0.916666666667
0.0356955239421	0.93	0.037778637391	0.916666666667
0.0356965726561	0.93	0.0377822181425	0.916666666667
0.0356926141928	0.93	0.0377635221794	0.916666666667
0.0356897283745	0.93	0.0377731338941	0.916666666667
0.0356865459546	0.93	0.037768790177	0.916666666667
0.0356879854949	0.93	0.0377758662507	0.916666666667
0.0356824632357	0.93	0.0377636756322	0.916666666667
0.0356822406962	0.93	0.037760427368	0.916666666667
0.0356792776896	0.93	0.0377724152425	0.916666666667
0.0356766846005	0.93	0.0377742428379	0.916666666667
0.0356734584872	0.93	0.0377612513352	0.916666666667
0.0356705824761	0.93	0.0377619596879	0.916666666667
0.035668155758	0.93	0.0377575892399	0.916666666667
0.0356674878954	0.93	0.0377560408384	0.916666666667
0.035664019684	0.93	0.0377465488119	0.916666666667
0.0356655681615	0.93	0.0377535880751	0.916666666667
0.035660657735	0.93	0.0377586033319	0.916666666667
0.0356604525066	0.93	0.0377348997294	0.916666666667
0.0356556488083	0.93	0.0377430387594	0.916666666667
0.0356574266396	0.93	0.0377501062694	0.916666666667
0.035654080295	0.93	0.0377459769589	0.916666666667
0.0356510705438	0.93	0.037726009613	0.916666666667
0.0356488133764	0.93	0.0377397992275	0.916666666667
0.0356472615272	0.93	0.0377193149423	0.916666666667
0.0356449013728	0.93	0.0377305024257	0.916666666667
0.0356407542535	0.93	0.0377406084797	0.916666666667
0.035639480929	0.93	0.0377394774424	0.916666666667
0.0356395059348	0.93	0.0377417860467	0.916666666667
0.0356347399709	0.93	0.0377327239039	0.916666666667
0.0356344935304	0.93	0.0377194037885	0.916666666667
0.0356308547768	0.93	0.0377342737276	0.916666666667
0.0356303354171	0.93	0.0377206619161	0.916666666667
0.0356272485815	0.93	0.0377335288917	0.916666666667
0.0356270190126	0.93	0.0377291311054	0.916666666667
0.0356241886648	0.93	0.037737198524	0.916666666667
0.0356220392295	0.93	0.0377257459516	0.916666666667
0.0356237089235	0.93	0.0377341803822	0.916666666667
0.0356194157607	0.93	0.0377170257864	0.916666666667
0.0356179715383	0.93	0.0377262548424	0.916666666667
0.0356153323704	0.93	0.0377151826281	0.916666666667
0.0356120549886	0.93	0.0377268037588	0.916666666667
0.0356124849009	0.93	0.0377113157223	0.916666666667
0.0356089550825	0.93	0.0377197569968	0.916666666667
0.0356069064236	0.93	0.0377148590497	0.916666666667
0.0356051627485	0.93	0.0377238521135	0.916666666667
0.0356032802879	0.93	0.0377142241196	0.916666666667
0.0356022876299	0.93	0.0377183744902	0.916666666667
0.0356004919652	0.93	0.0377182309938	0.916666666667
0.0355976076317	0.93	0.0377007008415	0.916666666667
0.0355976549149	0.93	0.0377136230162	0.916666666667
0.0355951937437	0.93	0.0377022929381	0.916666666667
0.0355936895939	0.93	0.0377158771188	0.916666666667
0.0355930103946	0.93	0.0376937639517	0.916666666667
0.0355908884039	0.93	0.0376967988584	0.916666666667
0.035586669234	0.93	0.0377059622936	0.916666666667
0.0355856271509	0.93	0.0377113265642	0.916666666667
0.0355853492159	0.93	0.037713501164	0.916666666667
0.0355824372838	0.93	0.0377096425506	0.916666666667
0.0355802445605	0.93	0.0377114219305	0.916666666667
0.0355808620997	0.93	0.0376919118928	0.916666666667
0.0355769165033	0.93	0.0376992878071	0.916666666667
0.0355757667362	0.93	0.0377108542828	0.916666666667
0.0355768362261	0.93	0.037706992478	0.916666666667
0.0355720270039	0.93	0.0376957051409	0.916666666667
0.0355711132312	0.93	0.0376957819253	0.916666666667
0.0355699239609	0.93	0.0376933053135	0.916666666667
0.0355676177573	0.93	0.0377048746943	0.916666666667
0.0355662001773	0.93	0.0377103109938	0.916666666667
0.0355652433633	0.93	0.0377031267821	0.916666666667
0.0355624833065	0.93	0.0376990926056	0.916666666667
0.035560796187	0.93	0.0377001778178	0.916666666667
0.0355593962782	0.93	0.0376970211634	0.916666666667
0.0355577602535	0.93	0.0377025394385	0.916666666667
0.035556428234	0.93	0.0376915752549	0.916666666667
0.0355554289229	0.93	0.0376899382281	0.916666666667
0.0355547040775	0.93	0.0376896944258	0.916666666667
0.0355519478952	0.93	0.0377029218705	0.916666666667
0.0355509890996	0.93	0.0376956381738	0.916666666667
0.0355499406381	0.93	0.0376967336845	0.916666666667
0.0355505333715	0.93	0.0377022265991	0.916666666667
0.0355473356656	0.93	0.0376904971632	0.916666666667
0.0355452879396	0.93	0.0376970211792	0.916666666667
0.0355431693766	0.93	0.0376993618389	0.916666666667
0.0355419113463	0.93	0.0377087518196	0.916666666667
0.0355404406997	0.93	0.0376951083423	0.916666666667
0.0355397262191	0.93	0.0376927506402	0.916666666667
0.0355390132348	0.93	0.0376919360197	0.916666666667
0.03553596651	0.93	0.0377069045118	0.916666666667
0.0355369505249	0.93	0.0376880780495	0.916666666667
0.0355327244216	0.93	0.0376990337502	0.916666666667
0.0355319322335	0.93	0.0377040159414	0.916666666667
0.0355306290084	0.93	0.0376986908456	0.916666666667
0.0355290182934	0.93	0.0376955226433	0.916666666667
0.0355295248621	0.93	0.0376962121661	0.916666666667
0.0355265532544	0.93	0.0376979939467	0.916666666667
0.0355254067126	0.93	0.0377024654837	0.916666666667
0.0355241887205	0.93	0.0377051447446	0.916666666667
0.0355232799177	0.93	0.0376979582536	0.916666666667
0.0355209048256	0.93	0.0376960595138	0.916666666667
0.0355191997158	0.93	0.0376934956339	0.916666666667
0.0355182059038	0.93	0.0376986140192	0.916666666667
0.0355167963253	0.93	0.0376890771853	0.916666666667
0.0355164852531	0.93	0.0376828265602	0.916666666667
0.0355154556627	0.93	0.0376959110651	0.916666666667
0.0355128147601	0.93	0.037687931186	0.916666666667
0.0355118793854	0.93	0.0376899256055	0.916666666667
0.0355101116179	0.93	0.0376900255869	0.916666666667
0.0355096056995	0.93	0.0376975055078	0.916666666667
0.0355094581356	0.93	0.0376841542606	0.916666666667
0.0355070695027	0.93	0.0377010329316	0.916666666667
0.0355051961576	0.93	0.0376996041155	0.916666666667
0.0355039223829	0.93	0.0376917087193	0.916666666667
0.0355032450306	0.93	0.0376983810823	0.916666666667
0.0355013313588	0.93	0.0376924474544	0.916666666667
0.0355000019494	0.93	0.037683707572	0.916666666667
0.0354999275442	0.93	0.0376925839555	0.916666666667
0.0354988160913	0.93	0.0376849118739	0.916666666667
0.0354965825728	0.93	0.0376890479459	0.916666666667
0.0354952668754	0.93	0.0376899009669	0.916666666667
0.0354940384164	0.93	0.0376780658652	0.916666666667
0.0354941384812	0.93	0.0376725359049	0.916666666667
0.0354933036003	0.93	0.0376721916858	0.916666666667
0.0354899614046	0.93	0.0376866362217	0.916666666667
0.0354895179703	0.93	0.0376876214495	0.916666666667
0.035488054699	0.93	0.0376867517836	0.916666666667
0.0354871786227	0.93	0.0376957418059	0.916666666667
0.0354857008113	0.93	0.0376952207305	0.916666666667
0.0354852642347	0.93	0.0377003172099	0.916666666667
0.0354845032169	0.93	0.0376938202551	0.916666666667
0.0354827816167	0.93	0.0376810155475	0.916666666667
0.035482210258	0.93	0.0376917219909	0.916666666667
0.035479769418	0.93	0.0376874725689	0.916666666667
0.0354802611146	0.93	0.0376807824831	0.916666666667
0.0354783721975	0.93	0.0377016465795	0.916666666667
0.0354765077963	0.93	0.037684680078	0.916666666667
0.0354757844175	0.93	0.0376917872618	0.916666666667
0.03547486968	0.93	0.0376906433448	0.916666666667
0.0354728116707	0.93	0.0376908731546	0.916666666667
0.0354719311245	0.93	0.0376947444713	0.916666666667
0.0354712671932	0.93	0.0376866058879	0.916666666667
0.0354707173425	0.93	0.0377003632532	0.916666666667
0.0354686187928	0.93	0.0376924667036	0.916666666667
0.0354688342799	0.93	0.0376855308379	0.916666666667
0.0354675738547	0.93	0.0376922011012	0.916666666667
0.0354658654312	0.93	0.0376930054788	0.916666666667
0.0354649386718	0.93	0.0377011194141	0.916666666667
0.0354633991049	0.93	0.0376857998572	0.916666666667
0.0354625856516	0.93	0.0376989492943	0.916666666667
0.0354610730346	0.93	0.0376943203436	0.916666666667
0.0354603645378	0.93	0.0376944174195	0.916666666667
0.0354589664397	0.93	0.0376975299156	0.916666666667
0.0354579596145	0.93	0.0376932632241	0.916666666667
0.0354578599081	0.93	0.0376927216405	0.916666666667
0.0354558732813	0.93	0.0376947819507	0.916666666667
0.0354546153529	0.93	0.0376956320287	0.916666666667
0.035453735163	0.93	0.0376929594501	0.916666666667
0.0354538342817	0.93	0.0376964774808	0.916666666667
0.0354525338544	0.93	0.0376980347913	0.916666666667
0.0354508080358	0.93	0.0376934346658	0.916666666667
0.0354507795659	0.93	0.0376833352259	0.916666666667
0.0354483162196	0.93	0.0376917437782	0.916666666667
0.0354476046037	0.93	0.0376910997524	0.916666666667
0.0354468868772	0.93	0.0376937849664	0.916666666667
0.0354458745766	0.93	0.0376879570745	0.916666666667
0.035444864453	0.93	0.0376910914236	0.916666666667
0.0354445661229	0.93	0.037704815897	0.916666666667
0.0354432969501	0.93	0.0376891936064	0.916666666667
0.0354420167893	0.93	0.0376978993971	0.916666666667
0.0354409694788	0.93	0.0376934704136	0.916666666667
0.0354401478376	0.93	0.0376928410438	0.916666666667
0.0354393057769	0.93	0.037702457724	0.916666666667
0.0354377548954	0.93	0.037695838621	0.916666666667
0.0354376663046	0.93	0.0376933525627	0.916666666667
0.0354360663443	0.93	0.0377051905798	0.916666666667
0.0354360948153	0.93	0.0377059726389	0.916666666667
0.0354359426979	0.93	0.0377020643691	0.916666666667
0.0354338719516	0.93	0.037701240203	0.916666666667
0.035432862057	0.93	0.03770576335	0.916666666667
0.0354311278244	0.93	0.0377000244449	0.916666666667
0.0354302618939	0.93	0.0376936336992	0.916666666667
0.0354295638219	0.93	0.0376943827926	0.916666666667
0.0354286490378	0.93	0.0377007386159	0.916666666667
0.0354283428321	0.93	0.0376979141866	0.916666666667
0.0354271024708	0.93	0.0377054493022	0.916666666667
0.0354262638038	0.93	0.0377049036209	0.916666666667
0.0354246383402	0.93	0.0376993306271	0.916666666667
0.0354239531487	0.93	0.0377042230946	0.916666666667
0.0354234003932	0.93	0.0377048563642	0.916666666667
0.0354228087621	0.93	0.03769834069	0.916666666667
0.0354218854292	0.93	0.0376989910313	0.916666666667
0.0354207147276	0.93	0.0377057676695	0.916666666667
0.0354194370333	0.93	0.0377100318043	0.916666666667
0.035420006663	0.93	0.0377054794998	0.916666666667
0.0354179257986	0.93	0.0377100716902	0.916666666667
0.0354171845907	0.93	0.0377102085601	0.916666666667
0.0354166694908	0.93	0.0377048355691	0.916666666667
0.035415007688	0.93	0.0377137471295	0.916666666667
0.0354145075626	0.93	0.0377139359598	0.916666666667
0.0354138796759	0.93	0.037718565145	0.916666666667
0.0354124599266	0.93	0.0377107331047	0.916666666667
0.0354117105612	0.93	0.037710432165	0.916666666667
0.0354116625782	0.93	0.0377029185165	0.916666666667
0.0354105342906	0.93	0.0377177468428	0.916666666667
0.0354093404101	0.93	0.0377100870241	0.916666666667
0.0354082369558	0.93	0.0377107632796	0.916666666667
0.0354079618561	0.93	0.0377190107877	0.916666666667
0.0354071777316	0.93	0.0377100805628	0.916666666667
0.0354059390744	0.93	0.0377177692973	0.916666666667
0.0354050628866	0.93	0.0377169075558	0.916666666667
0.0354042639269	0.93	0.0377151771367	0.916666666667
0.0354031252995	0.93	0.0377187842836	0.916666666667
0.0354029421535	0.93	0.0377217109769	0.916666666667
0.0354020297219	0.93	0.0377152604889	0.916666666667
0.0354009090548	0.93	0.0377202424203	0.916666666667
0.0354003819224	0.93	0.0377150407535	0.916666666667
0.0353991416284	0.93	0.0377211970736	0.916666666667
0.035398910308	0.93	0.0377179132387	0.916666666667
0.035397582738	0.93	0.0377260070757	0.916666666667
0.0353972306231	0.93	0.0377264532568	0.916666666667
0.035396992913	0.93	0.0377203181365	0.916666666667
0.0353953953118	0.93	0.0377258471295	0.916666666667
0.0353948815188	0.93	0.0377292330827	0.916666666667
0.0353935823241	0.93	0.0377279016294	0.916666666667
0.0353927599959	0.93	0.0377281561155	0.916666666667
0.0353927390501	0.93	0.0377314670679	0.916666666667
0.0353915781302	0.93	0.0377294797135	0.916666666667
0.0353906277704	0.93	0.0377225116355	0.916666666667
0.0353903188111	0.93	0.0377248801063	0.916666666667
0.0353897092895	0.93	0.0377307374221	0.916666666667
0.0353891877177	0.93	0.0377330545449	0.916666666667
0.0353875301863	0.93	0.0377246278725	0.916666666667
0.0353868904317	0.93	0.0377269759086	0.916666666667
0.0353860127241	0.93	0.0377262438881	0.916666666667
0.0353859615321	0.93	0.037732571976	0.916666666667
0.0353850771843	0.93	0.0377279139575	0.916666666667
0.0353838111047	0.93	0.0377313026153	0.916666666667
0.0353833925278	0.93	0.0377354042621	0.916666666667
0.0353828485194	0.93	0.0377235183628	0.916666666667
0.0353814074993	0.93	0.0377297167571	0.916666666667
0.0353810054923	0.93	0.0377352482085	0.916666666667
0.0353806502456	0.93	0.0377371788362	0.916666666667
0.0353793483761	0.93	0.0377322225208	0.916666666667
0.0353791484427	0.93	0.037735983322	0.916666666667
0.0353778172413	0.93	0.0377310230958	0.916666666667
0.0353772908946	0.93	0.0377359526431	0.916666666667
0.0353763552639	0.93	0.0377353495134	0.916666666667
0.03537614997	0.93	0.0377352460121	0.916666666667
0.0353756992201	0.93	0.0377388448815	0.916666666667
0.0353743601319	0.93	0.0377406562545	0.916666666667
0.0353735091968	0.93	0.0377397598379	0.916666666667
0.0353731793601	0.93	0.0377434771038	0.916666666667
0.0353723699493	0.93	0.0377363825347	0.916666666667
0.0353713620663	0.93	0.037739859152	0.916666666667
0.0353717170666	0.93	0.0377437985274	0.916666666667
0.0353701086763	0.93	0.0377419709858	0.916666666667
0.0353692023424	0.93	0.0377413905536	0.916666666667
0.03536880914	0.93	0.0377399007787	0.916666666667
0.0353681547462	0.93	0.0377449955603	0.916666666667
0.0353672719356	0.93	0.037745265403	0.916666666667
0.0353668892369	0.93	0.0377440340133	0.916666666667
0.035366016839	0.93	0.0377432766568	0.916666666667
0.0353657670592	0.93	0.0377494662316	0.916666666667
0.0353649675626	0.93	0.0377419415206	0.916666666667
0.0353639579657	0.93	0.0377441060976	0.916666666667
0.0353635972643	0.93	0.0377536271243	0.916666666667
0.035363250345	0.93	0.0377419855014	0.916666666667
0.0353616951258	0.93	0.037748244505	0.916666666667
0.0353612236828	0.93	0.0377524461604	0.916666666667
0.0353612468739	0.93	0.0377596138095	0.916666666667
0.0353599145205	0.93	0.0377578878242	0.916666666667
0.0353594088063	0.93	0.037751180978	0.916666666667
0.0353585695046	0.93	0.0377512014244	0.916666666667
0.0353578475244	0.93	0.0377580903718	0.916666666667
0.0353575041908	0.93	0.0377603455702	0.916666666667
0.0353566171249	0.93	0.0377622761289	0.916666666667
0.0353564910161	0.93	0.0377615281319	0.916666666667
0.0353562546828	0.93	0.0377536235352	0.916666666667
0.0353548447154	0.93	0.0377607963695	0.916666666667
0.0353543586314	0.93	0.0377567082697	0.916666666667
0.0353541502471	0.93	0.0377577468901	0.916666666667
0.0353529314639	0.93	0.0377671517479	0.916666666667
0.0353531073777	0.93	0.0377616207164	0.916666666667
0.0353514727746	0.93	0.0377709962	0.916666666667
0.0353521537784	0.93	0.0377694385308	0.916666666667
0.035350672867	0.93	0.0377660858651	0.916666666667
0.0353498610048	0.93	0.0377665395677	0.916666666667
0.0353496438136	0.93	0.0377742820721	0.916666666667
0.0353486136343	0.93	0.0377691548648	0.916666666667
0.0353477995697	0.93	0.0377732806421	0.916666666667
0.0353472871992	0.93	0.0377706857359	0.916666666667
0.0353467431499	0.93	0.0377659048294	0.916666666667
0.0353461348154	0.93	0.0377736005477	0.916666666667
0.0353453790017	0.93	0.0377729294545	0.916666666667
0.035344890381	0.93	0.0377730769617	0.916666666667
0.0353443405158	0.93	0.0377707053781	0.916666666667
0.0353440396845	0.93	0.0377712485475	0.916666666667
0.0353431807639	0.93	0.0377768311668	0.916666666667
0.0353423718743	0.93	0.0377802843682	0.916666666667
0.0353419858326	0.93	0.0377726847567	0.916666666667
0.0353410464176	0.93	0.0377804224963	0.916666666667
0.0353405964416	0.93	0.0377798495826	0.916666666667
0.0353405016619	0.93	0.0377799069938	0.916666666667
0.0353396775187	0.93	0.0377817581451	0.916666666667
0.0353387005967	0.93	0.0377812915724	0.916666666667
0.0353384335769	0.93	0.0377835166614	0.916666666667
0.0353377027112	0.93	0.037787462322	0.916666666667
0.0353373858752	0.93	0.0377894594893	0.916666666667
0.035336987232	0.93	0.0377815734715	0.916666666667
0.0353363595985	0.93	0.0377887819582	0.916666666667
0.0353352370062	0.93	0.0377817480613	0.916666666667
0.03533507875	0.93	0.0377879327843	0.916666666667
0.0353346655076	0.93	0.0377856252333	0.916666666667
0.0353341905886	0.93	0.0377957300431	0.916666666667
0.0353334684571	0.93	0.0377851217989	0.916666666667
0.0353323085947	0.93	0.03778539759	0.916666666667
0.0353325531624	0.93	0.0377855659923	0.916666666667
0.0353313358724	0.93	0.0377950343653	0.916666666667
0.0353307524365	0.93	0.0377879990665	0.916666666667
0.0353302838074	0.93	0.0377960372085	0.916666666667
0.0353297511237	0.93	0.0377962173076	0.916666666667
0.0353293724891	0.93	0.0377938662311	0.916666666667
0.0353286592504	0.93	0.0377978784402	0.916666666667
0.0353280841802	0.93	0.0377962541672	0.916666666667
0.0353274279049	0.93	0.0377950649693	0.916666666667
0.035327189388	0.93	0.0377931231959	0.916666666667
0.0353265266643	0.93	0.0377944773576	0.916666666667
0.0353262096553	0.93	0.0377976773604	0.916666666667
0.0353253662687	0.93	0.0377968348749	0.916666666667
0.0353248242672	0.93	0.0378000730473	0.916666666667
0.0353247439516	0.93	0.0378052726366	0.916666666667
